0 0.7020460358056266 0.7015625 0.028132992327365727 0.034375
0 0.7276214833759591 0.646875 0.028132992327365727 0.034375
0 0.6943734015345269 0.584375 0.030690537084398978 0.034375
0 0.6815856777493606 0.56875 0.028132992327365727 0.025
0 0.659846547314578 0.5453125 0.020460358056265986 0.015625
0 0.6687979539641944 0.559375 0.028132992327365727 0.03125
0 0.24680306905370844 0.4734375 0.06649616368286446 0.053125
0 0.27365728900255754 0.5328125 0.04859335038363171 0.04375
0 0.2647058823529412 0.565625 0.0639386189258312 0.05625
0 0.26854219948849106 0.3359375 0.03324808184143223 0.04375
0 0.3030690537084399 0.3296875 0.058823529411764705 0.096875