0 0.2672634271099744 0.646875 0.028132992327365727 0.034375
0 0.25191815856777494 0.5859375 0.028132992327365727 0.034375
0 0.2966751918158568 0.5328125 0.030690537084398978 0.034375
0 0.31074168797953966 0.5203125 0.028132992327365727 0.025
0 0.3350383631713555 0.503125 0.020460358056265986 0.015625
0 0.3248081841432225 0.515625 0.028132992327365727 0.03125
0 0.7531969309462916 0.5375 0.0639386189258312 0.05
0 0.7161125319693095 0.5890625 0.04859335038363171 0.04375
0 0.7199488491048593 0.6234375 0.061381074168797956 0.053125
0 0.7531969309462916 0.3984375 0.030690537084398978 0.04375
0 0.7212276214833759 0.384375 0.056265984654731455 0.096875